3 
3 
3 9 
3 9 
1 9 
1 9 
10 14 
14 10 
1 16 
16 17 1 15 
1 
1 
6 8 
6 8 
4 10 
4 10 
9 
9 
3 6 
6 3 
17 
17 
9 14 15 
14 1 15 9 
2 6 15 
2 6 1 15 
3 
3 
13 
13 
5 17 
17 5 
16 
16 17 
3 8 
8 3 
2 11 14 
2 14 11 
8 18 
18 8 
9 17 
17 9 
11 
11 
4 
4 
1 6 9 
6 1 9 
13 18 
18 13 
7 13 
13 7 
5 8 18 
18 8 5 
1 4 
4 1 
4 9 
4 9 
12 
12 
5 12 18 
18 12 5 
3 4 
4 3 
8 16 
16 17 8 
5 
5 
9 10 17 
10 17 9 
9 10 
10 9 
7 
7 
9 
9 
1 8 9 
8 1 9 
12 
12 
2 
2 
7 14 
14 7 
3 
3 
5 
5 
8 13 
8 13 
2 13 
2 13 
11 15 
1 15 11 
2 3 
2 3 
2 
2 
1 13 18 
18 13 1 
18 
18 
2 
2 
1 
1 
15 
1 15 
2 10 
2 10 
6 13 
6 13 
3 
3 
12 
12 
4 5 10 16 
16 17 4 5 10 
3 10 17 
10 17 3 
14 16 
16 14 17 
3 4 
4 3 
11 
11 
6 9 
6 9 
17 
17 
11 14 
14 11 
7 11 14 18 
14 11 7 18 
2 8 9 
2 8 9 
3 12 
12 3 
3 13 
13 3 
5 7 
5 7 
17 
17 
3 
3 
2 6 10 11 12 
2 10 6 12 11 
8 
8 
1 
1 
7 9 11 14 15 
14 1 15 11 7 9 
12 
12 
4 12 
12 4 
7 14 
14 7 
3 9 
3 9 
5 12 
12 5 
5 17 
17 5 
3 15 
1 15 3 
10 16 
16 17 10 
2 13 
2 13 
2 
2 
1 11 
1 11 
7 11 
11 7 
3 9 17 
17 3 9 
3 
3 
4 7 
4 7 
2 
2 
5 
5 
13 
13 
3 7 
3 7 
5 6 8 9 11 
6 8 11 5 9 
3 5 
5 3 
4 8 15 
8 4 1 15 
18 
18 
10 
10 
5 13 
13 5 
7 14 
14 7 
8 13 
8 13 
17 
17 
5 8 
8 5 
3 17 
17 3 
11 
11 
7 
7 
5 
5 
1 11 
1 11 
5 
5 
2 
2 
12 
12 
11 12 
12 11 
7 15 
1 15 7 
5 16 
16 17 5 
9 
9 
12 
12 
5 13 
13 5 
8 18 
18 8 
7 
7 
4 6 17 
17 6 4 
3 7 
3 7 
2 7 12 
2 12 7 
14 17 
17 14 
12 
12 
2 5 
2 5 
18 
18 
5 
5 
3 6 15 
6 1 15 3 
15 
1 15 
1 
1 
17 
17 
5 8 10 
10 8 5 
1 11 
1 11 
6 7 
6 7 
2 5 
2 5 
10 
10 
1 11 
1 11 
3 
3 
5 7 14 
14 5 7 
3 
3 
5 
5 
1 7 8 11 
8 1 11 7 
1 6 
6 1 
3 
3 
4 18 
18 4 
4 17 
17 4 
13 15 
13 1 15 
11 
11 
1 17 
17 1 
6 14 18 
14 18 6 
15 17 
16 17 1 15 
3 10 
10 3 
2 
2 
6 18 
18 6 
8 9 
8 9 
1 12 
1 12 
5 8 10 
10 8 5 
1 2 7 13 
2 13 1 7 
16 
16 17 
8 9 11 
8 11 9 
2 8 10 
2 10 8 
13 
13 
7 18 
7 18 
10 17 
10 17 
15 
1 15 
5 18 
18 5 
12 
12 
12 
12 
11 
11 
6 
6 
6 14 
14 6 
1 11 17 
17 1 11 
2 11 
2 11 
8 
8 
17 
17 
6 7 
6 7 
4 18 
18 4 
15 17 
16 17 1 15 
15 
1 15 
5 10 17 
10 17 5 
1 3 8 12 
8 1 12 3 
1 5 6 
6 1 5 
17 
17 
5 7 13 
13 5 7 
15 
1 15 
5 
5 
10 15 
1 15 10 
9 
9 
7 13 15 
13 1 15 7 
9 17 
17 9 
7 
7 
8 10 
10 8 
7 
7 
1 8 
8 1 
15 
1 15 
8 14 
14 8 
5 
5 
5 
5 
3 7 12 
12 3 7 
3 9 
3 9 
15 
1 15 
8 
8 
5 17 
17 5 
13 
13 
4 6 8 12 
6 8 12 4 
4 
4 
6 7 
6 7 
2 11 
2 11 
16 
16 17 
7 
7 
3 10 
10 3 
10 
10 
11 
11 
11 
11 
2 17 
2 17 
2 11 
2 11 
8 9 10 14 
14 10 8 9 
3 11 17 
17 11 3 
7 
7 
12 17 
17 12 
13 
13 
5 13 
13 5 
15 16 
16 17 1 15 
9 12 
12 9 
18 
18 
4 12 15 
4 1 12 15 
13 14 
14 13 
3 
3 
1 15 
1 15 
1 15 
1 15 
4 18 
18 4 
3 4 15 
4 1 15 3 
4 6 
6 4 
2 14 
2 14 
9 13 
13 9 
9 
9 
7 13 
13 7 
9 10 
10 9 
6 14 
14 6 
5 8 9 12 18 
18 8 12 5 9 
1 16 
16 17 1 15 
3 5 10 15 18 
18 1 15 5 3 10 
14 
14 
4 9 
4 9 
6 
6 
5 17 
17 5 
5 11 
11 5 
12 15 17 
16 17 1 12 15 
2 7 
2 7 
18 
18 
9 15 
1 15 9 
11 12 
12 11 
9 11 
11 9 
1 7 10 12 
10 1 12 7 
4 11 
4 11 
5 7 8 
8 5 7 
5 13 
13 5 
9 10 15 
1 15 9 10 
15 
1 15 
3 
3 
3 11 
11 3 
3 8 9 12 18 
18 8 12 3 9 
16 
16 17 
2 4 
2 4 
8 16 
16 17 8 
10 
10 
11 
11 
17 
17 
5 11 
11 5 
7 9 15 
1 15 7 9 
7 12 
12 7 
4 5 15 
4 1 15 5 
4 
4 
5 6 10 11 
10 6 11 5 
10 
10 
13 
13 
2 7 
2 7 
6 15 
6 1 15 
15 
1 15 
11 14 
14 11 
2 10 
2 10 
4 7 
4 7 
13 15 
13 1 15 
4 18 
18 4 
2 15 
2 1 15 
7 9 
7 9 
5 12 
12 5 
9 
9 
5 
5 
6 7 9 17 
17 6 7 9 
6 
6 
3 12 
12 3 
7 
7 
7 15 18 
18 1 15 7 
3 
3 
7 
7 
1 14 
14 1 
1 
1 
4 15 
4 1 15 
12 
12 
1 2 11 
2 1 11 
17 
17 
3 4 9 
4 3 9 
2 9 18 
2 18 9 
9 
9 
5 12 
12 5 
1 
1 
15 
1 15 
15 
1 15 
9 
9 
7 
7 
7 
7 
7 17 
17 7 
1 9 
1 9 
15 16 
16 17 1 15 
5 7 
5 7 
18 
18 
2 4 5 
2 4 5 
4 17 
17 4 
4 
4 
6 8 15 
6 8 1 15 
3 5 
5 3 
13 
13 
6 7 17 
17 6 7 
12 
12 
2 10 15 
2 1 15 10 
15 
1 15 
4 5 
4 5 
5 
5 
5 9 17 
17 5 9 
5 8 9 
8 5 9 
4 9 
4 9 
5 
5 
9 
9 
1 7 13 
13 1 7 
8 11 
8 11 
13 18 
18 13 
1 4 
4 1 
5 
5 
1 6 7 13 
6 13 1 7 
7 12 
12 7 
4 
4 
12 18 
18 12 
4 
4 
8 
8 
8 
8 
5 17 
17 5 
13 18 
18 13 
10 
10 
1 12 
1 12 
7 12 
12 7 
8 9 17 
17 8 9 
1 6 13 
6 13 1 
2 13 18 
2 18 13 
1 
1 
5 6 10 13 
10 6 13 5 
17 
17 
4 9 17 
17 4 9 
9 11 13 
13 11 9 
2 9 12 
2 12 9 
12 18 
18 12 
15 
1 15 
3 
3 
3 
3 
7 
7 
6 9 11 
6 11 9 
4 6 11 17 
17 6 4 11 
1 6 11 
6 1 11 
3 9 12 17 
17 12 3 9 
2 13 
2 13 
3 4 8 9 11 
8 4 11 3 9 
13 
13 
2 3 9 14 17 
2 14 17 3 9 
9 18 
18 9 
8 
8 
14 15 
14 1 15 
2 11 18 
2 18 11 
8 13 
8 13 
5 17 
17 5 
3 
3 
3 
3 
9 12 
12 9 
9 
9 
1 2 7 
2 1 7 
9 11 
11 9 
1 3 7 
1 3 7 
9 
9 
3 10 
10 3 
1 5 8 
8 1 5 
4 7 9 
4 7 9 
13 
13 
15 
1 15 
18 
18 
6 16 
16 17 6 
5 7 
5 7 
3 15 
1 15 3 
5 8 9 
8 5 9 
6 11 14 
14 6 11 
12 
12 
11 
11 
15 
1 15 
10 
10 
14 
14 
3 5 8 16 
16 17 8 5 3 
5 12 
12 5 
5 9 
5 9 
11 
11 
3 18 
18 3 
1 3 10 12 
10 1 12 3 
2 
2 
2 12 13 
2 13 12 
9 17 
17 9 
8 13 
8 13 
5 
5 
1 3 9 
1 3 9 
10 
10 
16 
16 17 
17 
17 
9 
9 
7 12 
12 7 
5 
5 
5 
5 
6 8 12 18 
18 6 8 12 
11 18 
18 11 
8 9 
8 9 
6 
6 
17 
17 
2 12 
2 12 
9 11 16 
16 17 11 9 
1 11 
1 11 
4 8 10 
8 4 10 
4 18 
18 4 
6 12 
6 12 
4 5 
4 5 
7 
7 
6 15 18 
18 6 1 15 
1 5 
1 5 
8 13 
8 13 
9 16 
16 17 9 
5 7 
5 7 
5 
5 
5 
5 
3 
3 
8 11 
8 11 
7 
7 
2 8 9 
2 8 9 
8 
8 
1 3 
1 3 
6 18 
18 6 
2 15 18 
2 18 1 15 
5 
5 
5 7 
5 7 
2 10 
2 10 
3 
3 
2 6 
2 6 
4 7 9 10 
10 4 7 9 
2 5 12 17 
2 17 12 5 
8 
8 
1 
1 
6 11 
6 11 
5 11 
11 5 
2 
2 
5 
5 
3 11 
11 3 
4 5 15 
4 1 15 5 
11 17 
17 11 
11 
11 
1 
1 
7 12 
12 7 
8 
8 
1 7 9 10 
10 1 7 9 
3 
3 
9 10 16 17 
16 17 9 10 
6 7 
6 7 
9 18 
18 9 
12 
12 
8 
8 
9 
9 
8 10 11 
10 8 11 
17 
17 
1 
1 
2 3 8 
2 8 3 
9 17 
17 9 
12 13 
13 12 
7 12 14 
14 12 7 
1 16 
16 17 1 15 
18 
18 
18 
18 
14 16 
16 14 17 
12 18 
18 12 
3 7 
3 7 
3 15 16 
16 17 1 15 3 
4 7 9 11 
4 11 7 9 
1 9 13 
13 1 9 
7 14 
14 7 
9 12 17 
17 12 9 
8 17 
17 8 
8 14 
14 8 
1 12 
1 12 
7 
7 
6 11 
6 11 
3 7 9 
3 7 9 
5 6 
6 5 
5 8 
8 5 
4 9 15 17 
16 17 4 1 15 9 
10 12 
10 12 
5 7 
5 7 
18 
18 
5 8 13 
8 13 5 
3 13 18 
18 13 3 
3 5 
5 3 
1 8 16 
16 17 8 1 15 
16 
16 17 
4 12 
12 4 
13 14 15 
14 13 1 15 
14 
14 
13 
13 
10 
10 
5 
5 
3 
3 
15 
1 15 
6 13 
6 13 
5 
5 
4 7 9 
4 7 9 
7 11 12 
12 11 7 
2 15 
2 1 15 
2 10 
2 10 
14 18 
14 18 
11 14 18 
14 18 11 
5 11 15 
1 15 11 5 
5 11 15 
1 15 11 5 
4 15 
4 1 15 
10 13 15 
13 1 15 10 
9 14 
14 9 
9 11 
11 9 
5 16 18 
16 17 18 5 
15 
1 15 
7 8 9 
8 7 9 
18 
18 
15 
1 15 
4 14 
14 4 
2 
2 
13 
13 
1 7 17 
17 1 7 
2 7 
2 7 
9 12 17 
17 12 9 
2 15 
2 1 15 
6 
6 
4 12 
12 4 
8 
8 
7 10 17 
10 17 7 
3 5 11 
11 5 3 
3 6 8 
6 8 3 
3 10 
10 3 
3 
3 
8 
8 
2 7 11 
2 11 7 
2 9 
2 9 
6 7 10 
10 6 7 
11 12 
12 11 
18 
18 
11 13 
11 13 
17 
17 
12 
12 
12 13 
13 12 
8 
8 
9 18 
18 9 
4 13 
13 4 
8 10 
10 8 
7 9 11 18 
11 7 9 18 
16 
16 17 
3 4 9 
4 3 9 
6 7 
6 7 
14 18 
14 18 
1 8 
8 1 
10 
10 
11 
11 
7 11 
11 7 
14 
14 
14 
14 
6 
6 
1 5 
1 5 
3 9 13 
13 3 9 
5 
5 
6 15 
6 1 15 
8 18 
18 8 
3 5 14 
14 5 3 
3 12 13 
13 12 3 
7 12 
12 7 
5 8 
8 5 
15 18 
18 1 15 
1 14 
14 1 
5 7 
5 7 
4 12 
12 4 
11 13 
11 13 
11 
11 
10 
10 
7 11 
11 7 
7 
7 
9 
9 
11 
11 
12 18 
18 12 
11 
11 
11 
11 
14 15 
14 1 15 
10 
10 
7 
7 
3 4 17 
17 4 3 
9 10 14 
14 10 9 
1 
1 
2 
2 
15 17 
16 17 1 15 
7 9 
7 9 
3 11 12 
12 11 3 
3 7 17 
17 3 7 
3 
3 
10 
10 
3 9 
3 9 
4 5 13 16 
16 17 13 4 5 
9 
9 
2 11 
2 11 
3 
3 
5 
5 
12 14 15 
14 1 12 15 
7 
7 
9 
9 
18 
18 
1 5 8 
8 1 5 
1 13 15 
13 1 15 
9 14 18 
14 18 9 
4 15 18 
18 4 1 15 
2 13 
2 13 
4 
4 
12 
12 
8 
8 
2 4 15 18 
2 18 4 1 15 
6 18 
18 6 
9 
9 
10 11 16 
16 17 11 10 
4 
4 
18 
18 
9 11 
11 9 
11 
11 
2 11 
2 11 
5 6 18 
18 6 5 
4 10 
4 10 
13 
13 
6 7 14 
14 6 7 
3 9 
3 9 
7 11 
11 7 
4 8 
8 4 
1 9 10 
10 1 9 
2 5 
2 5 
5 10 
10 5 
6 8 
6 8 
2 9 16 
16 2 17 9 
1 3 16 
16 17 1 15 3 
4 7 13 
13 4 7 
9 
9 
15 18 
18 1 15 
1 17 
17 1 
5 
5 
6 7 11 
6 11 7 
5 
5 
10 15 
1 15 10 
2 6 
2 6 
9 
9 
13 
13 
18 
18 
4 
4 
9 
9 
16 
16 17 
11 
11 
6 12 14 
14 6 12 
9 11 
11 9 
8 13 
8 13 
1 2 5 
2 1 5 
1 
1 
2 3 
2 3 
7 11 
11 7 
2 8 
2 8 
3 4 10 18 
18 4 3 10 
17 
17 
7 18 
7 18 
5 
5 
5 
5 
10 11 
10 11 
7 17 18 
17 7 18 
11 16 
16 17 11 
10 
10 
2 
2 
5 14 
14 5 
3 9 
3 9 
9 
9 
18 
18 
12 
12 
8 15 
8 1 15 
9 
9 
12 
12 
17 
17 
2 3 
2 3 
3 10 12 13 
10 13 12 3 
2 
2 
9 15 
1 15 9 
8 
8 
12 
12 
11 
11 
12 17 
17 12 
10 
10 
4 6 12 
6 12 4 
1 7 18 
1 7 18 
1 7 9 
1 7 9 
12 
12 
2 3 
2 3 
3 
3 
4 9 11 16 
16 17 4 11 9 
15 
1 15 
13 
13 
6 18 
18 6 
9 11 12 
12 11 9 
15 
1 15 
8 
8 
11 15 17 
16 17 1 15 11 
5 10 
10 5 
2 6 15 
2 6 1 15 
5 
5 
4 6 13 
6 13 4 
16 18 
16 17 18 
8 17 
17 8 
3 13 
13 3 
10 13 15 
13 1 15 10 
4 11 
4 11 
1 
1 
9 15 
1 15 9 
9 18 
18 9 
11 
11 
3 
3 
1 
1 
10 
10 
3 15 17 
16 17 1 15 3 
1 3 
1 3 
1 9 11 16 
16 17 1 15 11 9 
3 10 11 
10 11 3 
6 15 16 
16 17 6 1 15 
15 
1 15 
1 9 14 
14 1 9 
15 17 
16 17 1 15 
4 5 
4 5 
2 15 18 
2 18 1 15 
2 18 
2 18 
18 
18 
8 9 10 
10 8 9 
9 12 
12 9 
5 
5 
2 10 11 
2 10 11 
18 
18 
4 9 10 
10 4 9 
6 10 
10 6 
9 11 
11 9 
3 
3 
7 18 
7 18 
4 5 13 16 
16 17 13 4 5 
9 
9 
3 4 11 14 17 
17 4 11 3 14 
9 11 
11 9 
2 9 
2 9 
12 
12 
14 
14 
4 17 
17 4 
5 15 17 
16 17 1 15 5 
11 
11 
9 
9 
6 7 18 
6 7 18 
16 
16 17 
1 
1 
6 7 
6 7 
15 
1 15 
1 5 10 
10 1 5 
1 6 
6 1 
1 2 3 5 
2 1 5 3 
9 
9 
5 
5 
12 
12 
3 
3 
5 12 17 
17 12 5 
1 3 13 
13 1 3 
9 
9 
1 
1 
9 10 14 
14 10 9 
1 2 11 
2 1 11 
17 
17 
14 
14 
14 
14 
5 
5 
1 3 8 
8 1 3 
12 13 
13 12 
9 14 
14 9 
9 15 
1 15 9 
2 10 
2 10 
9 
9 
5 13 
13 5 
2 9 11 
2 11 9 
17 
17 
12 15 
1 12 15 
1 5 10 14 18 
14 10 18 1 5 
13 
13 
13 
13 
13 
13 
5 
5 
2 3 
2 3 
12 
12 
13 
13 
12 
12 
5 12 
12 5 
2 
2 
1 18 
18 1 
3 
3 
9 16 
16 17 9 
6 9 
6 9 
1 3 6 17 
17 6 1 3 
2 5 7 8 
2 8 5 7 
7 
7 
16 17 
16 17 
7 
7 
7 
7 
9 13 
13 9 
7 9 10 18 
10 7 9 18 
7 14 
14 7 
4 9 12 15 
4 1 12 15 9 
1 12 
1 12 
16 
16 17 
11 13 
11 13 
5 11 14 
14 11 5 
5 
5 
6 
6 
4 10 
4 10 
14 15 18 
14 18 1 15 
17 18 
17 18 
15 
1 15 
5 6 7 
6 5 7 
3 17 
17 3 
4 7 
4 7 
2 3 8 
2 8 3 
18 
18 
8 10 
10 8 
9 
9 
3 10 13 16 
16 17 13 3 10 
7 12 15 17 
16 17 1 12 15 7 
6 7 
6 7 
8 
8 
8 11 
8 11 
3 
3 
12 13 
13 12 
14 
14 
12 
12 
9 14 18 
14 18 9 
9 18 
18 9 
5 9 
5 9 
5 16 
16 17 5 
14 15 
14 1 15 
7 
7 
11 
11 
4 
4 
1 6 14 
14 6 1 
7 8 
8 7 
15 
1 15 
14 
14 
8 14 
14 8 
13 
13 
3 10 13 
10 13 3 
1 6 
6 1 
8 
8 
3 15 
1 15 3 
10 11 
10 11 
3 5 13 
13 5 3 
12 14 
14 12 
8 
8 
2 4 
2 4 
7 15 17 
16 17 1 15 7 
4 5 7 
4 5 7 
9 
9 
11 18 
18 11 
3 
3 
15 
1 15 
5 
5 
9 13 
13 9 
1 3 5 12 13 18 
18 13 1 12 5 3 
18 
18 
3 
3 
5 15 
1 15 5 
11 
11 
6 7 
6 7 
12 16 
16 17 12 
15 
1 15 
1 
1 
4 5 12 
12 5 4 
7 
7 
13 
13 
9 
9 
12 
12 
5 8 
8 5 
1 3 4 7 9 17 
17 4 1 3 7 9 
2 8 
2 8 
8 
8 
15 18 
18 1 15 
9 
9 
3 13 15 
13 1 15 3 
4 18 
18 4 
7 10 15 
1 15 7 10 
3 6 8 11 
6 8 11 3 
10 
10 
1 7 
1 7 
14 
14 
6 15 16 
16 17 6 1 15 
2 4 11 
2 4 11 
11 15 
1 15 11 
5 15 
1 15 5 
6 15 
6 1 15 
3 16 
16 17 3 
12 
12 
6 
6 
3 5 8 
8 5 3 
8 9 15 
8 1 15 9 
1 
1 
4 
4 
1 8 
8 1 
1 9 
1 9 
5 10 
10 5 
3 
3 
16 
16 17 
1 16 18 
16 17 18 1 15 
17 
17 
3 
3 
1 
1 
6 9 
6 9 
2 15 
2 1 15 
4 7 
4 7 
3 10 16 
16 17 3 10 
7 11 
11 7 
5 9 11 
11 5 9 
15 17 
16 17 1 15 
13 18 
18 13 
6 18 
18 6 
7 16 
16 17 7 
3 12 
12 3 
1 
1 
10 15 
1 15 10 
6 8 
6 8 
3 9 13 
13 3 9 
10 12 13 
10 13 12 
12 18 
18 12 
4 6 8 
6 8 4 
15 
1 15 
13 14 
14 13 
14 
14 
12 17 
17 12 
11 14 
14 11 
9 
9 
7 12 
12 7 
1 10 17 
10 17 1 
6 
6 
3 18 
18 3 
10 18 
10 18 
4 
4 
3 8 
8 3 
10 11 
10 11 
8 
8 
4 14 
14 4 
11 
11 
14 
14 
6 17 
17 6 
4 10 11 
10 4 11 
4 7 10 
10 4 7 
7 9 10 13 
10 13 7 9 
7 
7 
3 7 
3 7 
12 
12 
10 16 
16 17 10 
6 13 17 
17 6 13 
8 18 
18 8 
3 
3 
1 9 15 
1 15 9 
1 3 9 
1 3 9 
3 16 
16 17 3 
10 
10 
18 
18 
17 
17 
17 18 
17 18 
8 
8 
9 13 
13 9 
16 
16 17 
11 15 
1 15 11 
9 
9 
5 17 
17 5 
6 7 
6 7 
6 
6 
1 3 
1 3 
