1 9 11 14 
1 11 14 9 
6 7 12 14 
6 12 7 14 
11 14 16 
17 16 11 14 
7 10 13 
10 13 7 
5 9 11 13 14 
5 13 11 14 9 
1 7 14 15 17 
1 17 15 16 14 7 
1 3 4 10 12 
3 10 1 12 4 
8 11 13 
8 11 13 
5 7 14 15 
5 15 14 7 
1 7 
1 7 
2 7 8 13 
2 8 13 7 
11 13 
11 13 
1 4 14 15 
1 4 15 14 
4 7 11 13 
4 13 11 7 
5 8 10 12 
10 5 12 8 
3 5 8 9 10 13 16 
3 5 9 17 8 13 16 10 
4 10 11 14 
10 4 11 14 
12 15 17 
12 17 15 
11 14 
11 14 
10 14 
10 14 
11 13 16 
17 13 16 11 
6 7 12 14 
6 12 7 14 
1 7 13 17 
1 17 13 7 
6 7 
6 7 
6 12 13 16 
6 12 17 13 16 
5 11 
5 11 
5 16 
5 17 16 
7 12 
12 7 
3 7 14 15 16 
3 1 17 15 16 14 7 
7 11 14 15 
15 11 14 7 
8 11 13 
8 11 13 
6 7 11 13 17 
6 17 13 11 7 
5 7 8 14 
5 8 7 14 
6 14 16 
6 17 16 14 
4 12 14 
4 12 14 
7 10 11 13 14 
10 13 11 7 14 
4 16 17 
4 17 16 
11 13 14 15 
15 13 11 14 
2 4 7 9 13 
2 4 13 7 9 
8 14 
8 14 
2 7 11 
2 11 7 
17 
17 
11 14 15 
15 11 14 
5 7 8 11 13 14 
5 8 13 11 7 14 
4 7 10 14 
10 4 7 14 
7 11 
11 7 
7 13 
13 7 
8 9 13 
8 13 9 
4 7 17 
4 17 7 
9 11 13 16 
9 17 13 16 11 
7 8 12 17 
12 17 8 7 
14 16 
17 16 14 
5 7 11 12 16 
5 12 17 16 11 7 
10 11 
10 11 
1 12 13 16 
1 12 17 15 13 16 
7 16 
17 16 7 
1 5 7 13 
1 5 13 7 
5 11 13 17 
5 17 13 11 
13 14 16 17 18 
18 17 13 16 14 
9 12 15 
12 9 15 
9 11 15 17 
9 17 15 11 
5 11 16 
5 17 16 11 
12 13 14 
12 13 14 
10 17 
10 17 
7 13 14 15 16 
1 17 15 13 16 14 7 
2 13 14 
2 13 14 
5 7 11 
5 11 7 
13 16 
17 13 16 
7 11 12 14 
12 11 7 14 
5 8 11 14 
5 8 11 14 
1 13 15 
1 15 13 
11 14 17 
17 11 14 
7 10 17 
10 17 7 
7 13 14 16 
17 13 16 14 7 
1 9 11 14 16 
1 9 17 15 16 11 14 
7 12 14 15 
12 15 14 7 
5 9 10 13 14 
10 5 13 14 9 
7 8 11 13 14 
8 13 11 7 14 
1 8 14 
1 8 14 
1 7 8 16 
1 17 8 15 16 7 
11 16 
17 16 11 
7 14 17 
17 14 7 
11 15 16 
1 17 15 16 11 
11 14 
11 14 
2 8 11 12 15 
2 12 8 15 11 
8 16 17 
17 8 16 
5 7 13 14 16 
5 17 13 16 14 7 
7 11 13 14 16 17 
17 13 16 11 14 7 
5 7 14 
5 7 14 
7 8 17 
17 8 7 
5 16 
5 17 16 
10 11 13 15 16 
1 17 15 13 16 11 10 
1 13 14 17 
1 17 13 14 
10 12 15 16 
1 12 17 15 16 10 
7 11 14 15 
15 11 14 7 
7 12 13 15 
12 15 13 7 
7 9 11 17 
9 17 11 7 
9 14 
14 9 
11 14 16 
17 16 11 14 
2 4 11 13 14 
2 4 11 14 13 
4 7 8 15 16 
1 4 17 8 15 16 7 
11 15 16 17 
1 17 15 16 11 
4 13 16 
4 17 13 16 
7 13 15 
15 13 7 
7 8 9 11 
8 11 7 9 
1 4 17 
1 4 17 
13 
13 
2 4 12 
2 4 12 
3 7 13 15 
3 15 13 7 
16 
17 16 
7 10 13 14 
10 13 7 14 
4 11 12 
4 12 11 
14 16 
17 16 14 
2 10 11 13 14 
2 10 11 14 13 
11 13 15 
15 13 11 
7 11 15 18 
18 15 11 7 
8 
8 
11 12 
12 11 
11 12 13 
12 11 13 
2 7 17 
2 17 7 
9 12 14 
12 14 9 
5 16 
5 17 16 
7 11 13 
13 11 7 
7 
7 
3 7 12 14 15 17 
3 12 17 15 14 7 
3 7 16 
3 17 16 7 
1 7 11 13 
1 13 11 7 
8 11 
8 11 
9 14 
14 9 
9 14 
14 9 
1 13 14 
1 13 14 
1 9 14 15 
1 9 15 14 
4 7 11 14 16 
4 17 16 11 14 7 
2 7 11 13 
2 13 11 7 
1 5 13 14 
1 5 13 14 
8 11 15 16 
1 17 8 15 16 11 
8 15 16 
1 17 8 15 16 
7 11 16 
17 16 11 7 
5 7 16 
5 17 16 7 
4 13 15 16 
1 4 17 15 13 16 
6 11 14 16 
6 17 16 11 14 
3 9 11 
3 11 9 
4 5 8 11 16 
5 4 17 8 16 11 
5 10 11 13 16 
5 17 13 16 11 10 
8 11 14 16 
17 8 16 11 14 
7 11 16 
17 16 11 7 
11 13 15 
15 13 11 
4 5 8 
5 4 8 
7 11 
11 7 
5 6 14 
6 5 14 
7 8 14 17 
17 8 14 7 
5 14 15 16 
1 5 17 15 16 14 
4 13 14 
4 13 14 
4 14 
4 14 
8 13 16 17 
17 8 13 16 
6 7 
6 7 
3 6 7 12 13 14 17 
3 6 12 17 13 14 7 
7 8 14 
8 7 14 
6 7 8 14 
6 8 7 14 
3 14 16 
3 17 16 14 
4 11 14 16 17 
4 17 16 11 14 
1 7 11 14 
1 11 7 14 
7 9 14 17 
9 17 14 7 
3 13 
3 13 
4 8 12 
4 12 8 
7 9 13 14 15 16 
1 9 17 15 13 16 14 7 
8 11 12 16 
12 17 8 16 11 
7 11 15 
15 11 7 
7 8 10 11 
10 8 11 7 
1 3 7 
3 1 7 
1 4 11 15 
1 4 15 11 
1 7 13 
1 13 7 
12 17 
12 17 
4 5 
5 4 
7 11 
11 7 
7 9 13 16 
9 17 13 16 7 
7 11 
11 7 
4 7 9 16 17 
4 9 17 16 7 
4 8 12 14 15 
4 12 8 15 14 
1 11 15 
1 15 11 
8 9 11 
8 11 9 
9 17 
9 17 
11 
11 
15 17 
17 15 
7 15 
15 7 
11 14 15 16 
1 17 15 16 11 14 
3 7 11 15 
3 15 11 7 
10 11 16 17 
17 16 11 10 
7 13 17 
17 13 7 
13 14 16 
17 13 16 14 
15 16 
1 17 15 16 
11 13 14 15 16 
1 17 15 13 16 11 14 
1 11 14 
1 11 14 
9 16 17 
9 17 16 
1 7 14 15 16 
1 17 15 16 14 7 
3 4 7 10 12 13 14 16 
3 4 12 17 13 16 14 7 10 
6 7 13 14 15 
6 15 13 14 7 
9 14 
14 9 
14 
14 
7 11 13 14 16 
17 13 16 11 14 7 
1 7 12 15 16 
1 12 17 15 16 7 
9 12 14 
12 14 9 
1 7 16 
1 17 15 16 7 
7 11 15 
15 11 7 
7 9 14 
14 7 9 
7 12 16 
12 17 16 7 
4 14 17 
4 17 14 
11 
11 
7 8 12 14 16 
12 17 8 16 14 7 
7 9 11 15 16 
1 9 17 15 16 11 7 
7 9 11 13 15 16 
1 9 17 15 13 16 11 7 
4 7 14 16 
4 17 16 14 7 
2 7 8 
2 8 7 
5 12 15 
5 12 15 
9 14 16 17 
9 17 16 14 
1 7 16 17 
1 17 15 16 7 
4 7 8 12 15 
4 12 8 15 7 
3 
3 
11 14 15 
15 11 14 
8 11 16 
17 8 16 11 
14 
14 
4 7 11 12 14 16 17 
4 12 17 16 11 14 7 
11 13 
11 13 
9 12 13 16 
12 9 17 13 16 
12 14 
12 14 
4 7 11 13 14 16 
4 17 13 16 11 14 7 
2 11 15 17 
2 17 15 11 
4 9 16 
4 9 17 16 
4 9 
4 9 
4 9 11 16 
4 9 17 16 11 
7 8 10 
10 8 7 
7 14 15 
15 14 7 
7 11 
11 7 
8 13 14 
8 13 14 
7 8 
8 7 
4 7 11 15 16 
1 4 17 15 16 11 7 
7 13 16 17 
17 13 16 7 
1 14 16 
1 17 15 16 14 
11 16 
17 16 11 
7 8 11 14 15 
8 15 11 14 7 
6 7 8 
6 8 7 
1 7 9 11 14 16 
1 9 17 15 16 11 14 7 
12 13 
12 13 
7 8 
8 7 
3 11 13 14 
3 11 14 13 
13 
13 
4 16 
4 17 16 
14 
14 
7 8 16 
17 8 16 7 
4 7 
4 7 
13 14 
13 14 
2 8 11 
2 8 11 
2 17 
2 17 
14 15 16 17 
1 17 15 16 14 
7 16 
17 16 7 
7 11 13 16 
17 13 16 11 7 
8 15 16 
1 17 8 15 16 
3 7 9 13 14 
3 13 14 7 9 
14 16 
17 16 14 
7 15 
15 7 
9 14 15 
9 15 14 
7 10 12 17 
10 12 17 7 
1 
1 
11 14 
11 14 
6 11 12 13 17 
6 12 17 13 11 
9 14 16 
9 17 16 14 
10 11 
10 11 
7 14 16 
17 16 14 7 
11 13 15 
15 13 11 
7 12 15 18 
18 12 15 7 
16 
17 16 
13 15 16 18 
18 1 17 15 13 16 
7 11 13 17 
17 13 11 7 
4 7 14 17 
4 17 14 7 
4 12 16 
4 12 17 16 
5 7 11 12 13 
5 12 13 11 7 
14 15 
15 14 
6 7 11 
6 11 7 
1 11 13 16 17 
1 17 15 13 16 11 
16 18 
18 17 16 
11 13 15 
15 13 11 
7 12 
12 7 
5 11 15 
5 15 11 
7 11 14 16 
17 16 11 14 7 
14 15 
15 14 
5 14 15 
5 15 14 
1 2 10 14 16 
2 1 17 15 16 14 10 
1 13 
1 13 
12 13 14 
12 13 14 
16 
17 16 
2 13 14 15 
2 15 13 14 
1 7 
1 7 
11 15 
15 11 
9 11 16 
9 17 16 11 
2 10 16 
2 17 16 10 
7 9 13 14 16 
9 17 13 16 14 7 
9 10 11 16 
9 17 16 11 10 
4 7 8 11 13 14 
4 8 13 11 7 14 
13 14 
13 14 
11 15 
15 11 
4 14 
4 14 
14 15 17 
17 15 14 
4 7 12 14 
4 12 7 14 
4 17 
4 17 
16 
17 16 
12 14 
12 14 
3 6 7 
3 6 7 
13 16 
17 13 16 
11 13 16 
17 13 16 11 
1 2 13 14 15 16 
2 1 17 15 13 16 14 
2 7 11 16 
2 17 16 11 7 
7 16 
17 16 7 
7 16 
17 16 7 
7 13 15 
15 13 7 
8 13 14 15 16 
1 17 8 15 13 16 14 
7 13 14 
13 7 14 
4 16 
4 17 16 
5 7 9 11 13 
5 13 11 7 9 
2 10 
2 10 
14 
14 
5 12 
5 12 
4 8 14 
4 8 14 
7 8 11 14 16 
17 8 16 11 14 7 
7 13 16 
17 13 16 7 
7 14 
7 14 
9 10 15 16 
1 9 17 15 16 10 
1 7 9 14 
1 14 7 9 
8 11 12 15 16 
1 12 17 8 15 16 11 
11 16 
17 16 11 
8 10 11 12 17 
10 12 17 8 11 
8 12 
12 8 
2 9 11 12 
2 12 11 9 
7 11 15 16 17 
1 17 15 16 11 7 
14 
14 
9 
9 
13 17 
17 13 
14 
14 
16 
17 16 
9 15 
9 15 
8 9 13 
8 13 9 
5 7 11 
5 11 7 
7 11 13 14 
13 11 7 14 
5 7 11 16 
5 17 16 11 7 
7 11 13 15 16 17 
1 17 15 13 16 11 7 
1 8 11 
1 8 11 
7 10 11 14 
10 11 7 14 
7 11 16 
17 16 11 7 
1 5 13 
1 5 13 
8 11 14 17 
17 8 11 14 
16 
17 16 
7 8 17 
17 8 7 
8 11 13 14 16 
17 8 13 16 11 14 
7 8 9 13 16 
9 17 8 13 16 7 
11 16 
17 16 11 
4 8 15 16 
1 4 17 8 15 16 
13 
13 
2 4 7 17 
2 4 17 7 
16 
17 16 
13 14 16 
17 13 16 14 
4 13 17 
4 17 13 
8 9 13 14 15 16 
1 9 17 8 15 13 16 14 
16 
17 16 
7 13 16 
17 13 16 7 
5 7 13 14 17 
5 17 13 14 7 
14 16 17 
17 16 14 
4 
4 
1 5 14 
1 5 14 
12 
12 
14 17 
17 14 
7 14 15 
15 14 7 
1 4 12 13 14 
1 12 13 14 4 
5 7 8 12 
5 12 8 7 
4 7 9 
4 7 9 
11 
11 
7 14 15 
15 14 7 
2 4 7 
2 4 7 
7 10 14 15 
15 14 7 10 
8 17 
17 8 
5 
5 
1 4 11 17 
1 4 17 11 
7 10 11 13 14 
10 13 11 7 14 
5 14 
5 14 
4 14 16 
4 17 16 14 
7 13 14 16 17 
17 13 16 14 7 
1 12 15 17 
1 12 17 15 16 
13 16 
17 13 16 
11 13 17 
17 13 11 
4 6 11 15 16 
6 1 4 17 15 16 11 
1 7 8 
1 8 7 
5 12 16 
5 12 17 16 
13 14 
13 14 
1 13 
1 13 
4 7 11 14 17 
4 17 11 14 7 
14 15 16 
1 17 15 16 14 
2 
2 
1 8 12 13 15 
1 12 8 15 13 
12 14 
12 14 
1 4 7 10 11 16 
1 4 17 15 16 11 7 10 
7 14 16 
17 16 14 7 
1 2 4 7 14 16 
2 1 4 17 15 16 14 7 
4 7 14 15 16 
1 4 17 15 16 14 7 
7 13 16 
17 13 16 7 
2 5 9 10 11 13 
2 10 5 13 11 9 
1 3 16 
3 1 17 15 16 
11 14 
11 14 
9 13 14 16 
9 17 13 16 14 
5 13 14 
5 13 14 
7 11 17 
17 11 7 
2 6 7 8 14 15 16 
6 2 1 17 8 15 16 14 7 
5 7 11 14 
5 11 7 14 
1 8 16 17 
1 17 8 15 16 
7 12 14 
12 7 14 
2 5 7 12 14 15 16 
2 1 5 12 17 15 16 14 7 
7 14 16 17 
17 16 14 7 
7 8 11 
8 11 7 
7 13 
13 7 
8 10 11 13 14 16 
17 8 13 16 11 14 10 
16 
17 16 
7 11 16 
17 16 11 7 
11 16 
17 16 11 
13 
13 
7 9 14 
14 7 9 
1 7 9 11 14 
1 11 14 7 9 
8 9 11 
8 11 9 
7 8 12 14 15 16 
1 12 17 8 15 16 14 7 
2 5 15 
2 5 15 
7 
7 
13 14 
13 14 
7 11 12 17 
12 17 11 7 
7 11 12 14 
12 11 7 14 
7 8 16 
17 8 16 7 
5 7 11 13 
5 13 11 7 
2 9 11 12 15 18 
18 2 12 9 15 11 
7 11 14 16 17 
17 16 11 14 7 
16 
17 16 
5 7 13 17 
5 17 13 7 
1 
1 
14 
14 
2 6 7 11 16 
6 2 17 16 11 7 
7 8 13 15 
8 15 13 7 
5 16 
5 17 16 
4 10 16 
4 17 16 10 
4 7 13 14 
4 13 7 14 
8 9 15 16 
1 9 17 8 15 16 
9 15 17 
9 17 15 
8 10 11 12 15 
12 8 15 11 10 
6 8 11 15 17 
6 17 8 15 11 
7 11 16 
17 16 11 7 
11 12 13 14 
12 11 14 13 
8 13 16 
17 8 13 16 
5 11 13 16 
5 17 13 16 11 
11 14 15 
15 11 14 
7 8 13 
8 13 7 
8 15 
8 15 
10 11 14 
10 11 14 
14 
14 
11 12 14 17 
12 17 11 14 
4 7 
4 7 
1 7 11 13 14 16 
1 17 15 13 16 11 14 7 
7 8 9 11 16 
9 17 8 16 11 7 
1 2 4 7 14 
2 1 4 7 14 
7 9 
7 9 
6 7 13 14 
6 13 7 14 
8 13 14 
8 13 14 
4 10 16 
4 17 16 10 
2 7 13 16 
2 17 13 16 7 
7 14 
7 14 
5 15 16 17 
1 5 17 15 16 
1 13 15 
1 15 13 
10 11 13 14 
10 11 14 13 
11 13 
11 13 
5 
5 
9 12 
12 9 
7 12 14 16 
12 17 16 14 7 
7 13 14 
13 7 14 
5 8 11 12 
5 12 8 11 
4 9 14 
4 14 9 
10 
10 
14 
14 
7 8 12 
12 8 7 
5 7 10 16 
5 17 16 7 10 
11 16 
17 16 11 
9 13 
13 9 
9 16 
9 17 16 
2 7 8 14 
2 8 7 14 
4 8 14 
4 8 14 
3 
3 
5 7 13 16 
5 17 13 16 7 
4 13 14 
4 13 14 
9 16 
9 17 16 
15 16 
1 17 15 16 
17 
17 
7 10 
10 7 
1 13 15 
1 15 13 
1 2 14 
2 1 14 
7 11 16 17 
17 16 11 7 
5 10 
10 5 
7 12 17 
12 17 7 
15 
15 
7 11 13 14 
13 11 7 14 
1 6 14 15 
6 1 15 14 
14 15 16 
1 17 15 16 14 
7 16 
17 16 7 
1 7 8 10 11 
10 1 8 11 7 
7 12 14 15 
12 15 14 7 
2 14 
2 14 
7 8 9 10 14 15 17 
9 17 8 15 14 7 10 
7 8 14 
8 7 14 
9 13 15 16 
1 9 17 15 13 16 
2 5 11 16 
2 5 17 16 11 
1 7 13 
1 13 7 
7 9 11 13 14 
13 11 14 7 9 
7 11 16 
17 16 11 7 
3 7 9 14 15 
3 9 15 14 7 
7 8 12 
12 8 7 
11 14 
11 14 
5 11 
5 11 
13 14 15 
15 13 14 
2 12 14 
2 12 14 
5 12 14 15 
5 12 15 14 
1 8 14 16 
1 17 8 15 16 14 
13 16 
17 13 16 
11 13 14 
11 14 13 
7 9 11 
11 7 9 
5 8 10 11 
10 5 8 11 
13 
13 
4 11 14 16 
4 17 16 11 14 
1 6 14 
6 1 14 
5 7 9 
5 7 9 
1 10 16 
1 17 15 16 10 
4 15 17 
4 17 15 
6 7 8 14 16 
6 17 8 16 14 7 
7 16 
17 16 7 
1 7 10 12 15 
1 12 15 7 10 
9 12 13 14 
12 13 14 9 
1 5 11 14 16 
1 5 17 15 16 11 14 
4 9 11 14 15 16 18 
18 1 4 9 17 15 16 11 14 
2 5 7 8 9 11 13 14 15 16 
2 1 5 9 17 8 15 13 16 11 14 7 
1 2 12 13 
2 1 12 13 
8 14 
8 14 
11 14 15 
15 11 14 
5 6 7 8 9 17 
6 5 9 17 8 7 
16 17 
17 16 
7 11 13 16 
17 13 16 11 7 
11 15 
15 11 
11 15 16 
1 17 15 16 11 
9 
9 
9 12 
12 9 
7 10 14 17 
10 17 14 7 
2 12 16 
2 12 17 16 
11 16 
17 16 11 
5 10 12 
10 5 12 
1 8 
1 8 
7 11 14 17 
17 11 14 7 
9 13 
13 9 
4 8 11 13 
4 8 11 13 
10 16 
17 16 10 
4 10 14 15 
4 15 14 10 
14 
14 
1 7 13 15 17 
1 17 15 13 16 7 
5 14 
5 14 
11 14 
11 14 
4 7 13 14 
4 13 7 14 
11 16 
17 16 11 
7 15 
15 7 
8 13 16 
17 8 13 16 
5 8 9 12 17 
5 12 9 17 8 
3 5 10 15 16 
3 1 5 17 15 16 10 
12 
12 
14 16 
17 16 14 
7 9 
7 9 
7 9 13 
13 7 9 
7 13 
13 7 
7 13 16 
17 13 16 7 
7 9 16 
9 17 16 7 
15 16 17 
1 17 15 16 
7 8 11 14 16 
17 8 16 11 14 7 
7 13 
13 7 
14 15 
15 14 
8 11 12 
12 8 11 
11 12 13 16 17 
12 17 13 16 11 
4 16 
4 17 16 
7 17 
17 7 
7 11 13 14 16 
17 13 16 11 14 7 
2 6 8 15 16 
6 2 1 17 8 15 16 
8 11 17 
17 8 11 
8 16 
17 8 16 
6 12 13 
6 12 13 
7 11 
11 7 
5 8 13 15 
5 8 15 13 
5 7 8 12 14 
5 12 8 7 14 
4 13 14 16 
4 17 13 16 14 
10 14 16 
17 16 14 10 
1 11 13 14 
1 13 11 14 
2 3 7 13 15 17 
3 2 17 15 13 7 
16 17 
17 16 
3 7 15 16 
3 1 17 15 16 7 
9 11 
11 9 
14 16 
17 16 14 
7 8 13 14 
8 13 7 14 
1 7 10 
10 1 7 
4 9 12 
4 12 9 
7 
7 
3 9 14 16 
3 9 17 16 14 
7 8 
8 7 
13 14 16 
17 13 16 14 
7 8 11 14 
8 11 7 14 
13 16 
17 13 16 
13 14 16 
17 13 16 14 
4 16 
4 17 16 
7 12 14 
12 7 14 
10 11 12 
10 12 11 
8 11 15 
8 15 11 
6 13 14 
6 13 14 
10 11 17 
10 17 11 
10 13 15 
15 13 10 
7 11 
11 7 
4 10 17 
10 4 17 
7 9 17 
9 17 7 
2 4 17 
2 4 17 
9 14 16 
9 17 16 14 
4 11 16 
4 17 16 11 
13 15 16 
1 17 15 13 16 
3 7 8 13 16 
3 17 8 13 16 7 
7 8 11 
8 11 7 
1 11 16 17 
1 17 15 16 11 
4 12 14 
4 12 14 
14 15 
15 14 
5 8 9 16 
5 9 17 8 16 
6 7 12 14 15 
6 12 15 14 7 
9 12 
12 9 
5 7 13 
5 13 7 
4 13 
4 13 
1 2 8 12 
2 1 12 8 
8 9 14 16 
9 17 8 16 14 
4 13 14 16 
4 17 13 16 14 
12 15 17 
12 17 15 
7 11 12 14 
12 11 7 14 
7 8 14 
8 7 14 
4 11 13 14 
4 11 14 13 
7 8 
8 7 
2 13 
2 13 
7 11 14 
11 7 14 
3 14 16 
3 17 16 14 
3 6 7 
3 6 7 
10 17 
10 17 
4 8 10 17 
10 4 17 8 
7 12 13 16 17 
12 17 13 16 7 
7 11 14 16 17 
17 16 11 14 7 
4 13 14 
4 13 14 
13 14 
13 14 
8 9 
8 9 
3 8 11 14 16 
3 17 8 16 11 14 
7 10 11 14 17 
10 17 11 14 7 
7 8 11 13 
8 13 11 7 
7 10 17 
10 17 7 
11 14 15 
15 11 14 
7 11 15 17 
17 15 11 7 
1 7 16 
1 17 15 16 7 
8 12 17 
12 17 8 
11 17 
17 11 
2 8 9 13 
2 8 13 9 
7 15 17 
17 15 7 
7 8 13 16 
17 8 13 16 7 
2 8 14 17 
2 17 8 14 
7 11 16 
17 16 11 7 
5 8 9 11 14 17 
5 9 17 8 11 14 
5 6 7 10 12 15 17 
6 5 12 17 15 7 10 
4 7 9 11 
4 11 7 9 
1 7 10 12 
10 1 12 7 
7 
7 
5 8 10 11 13 17 
10 5 17 8 13 11 
6 13 14 
6 13 14 
14 15 
15 14 
4 12 
4 12 
3 5 13 14 
3 5 13 14 
9 13 15 
9 15 13 
10 13 14 
10 13 14 
9 14 16 
9 17 16 14 
7 13 15 
15 13 7 
2 13 14 16 
2 17 13 16 14 
1 11 
1 11 
1 7 14 
1 7 14 
7 10 11 14 16 
17 16 11 14 7 10 
6 7 14 16 
6 17 16 14 7 
7 12 16 
12 17 16 7 
9 11 13 
13 11 9 
5 7 10 
10 5 7 
8 
8 
4 7 8 13 14 
4 8 13 7 14 
10 13 17 
10 17 13 
13 14 15 16 
1 17 15 13 16 14 
11 
11 
8 11 16 
17 8 16 11 
3 7 14 
3 7 14 
11 14 
11 14 
11 12 
12 11 
4 17 
4 17 
1 8 9 13 14 16 
1 9 17 8 15 13 16 14 
7 16 
17 16 7 
3 7 17 
3 17 7 
11 13 15 
15 13 11 
5 9 11 17 
5 9 17 11 
7 14 15 
15 14 7 
5 7 11 16 
5 17 16 11 7 
11 13 15 
15 13 11 
13 14 
13 14 
10 14 16 
17 16 14 10 
8 14 
8 14 
7 9 13 
13 7 9 
4 8 12 
4 12 8 
14 
14 
1 8 11 14 
1 8 11 14 
3 16 
3 17 16 
7 
7 
3 5 7 9 
3 5 7 9 
1 5 14 
1 5 14 
7 11 14 
11 7 14 
7 8 16 
17 8 16 7 
5 7 10 11 15 
5 15 11 7 10 
3 11 
3 11 
13 14 16 
17 13 16 14 
5 7 16 
5 17 16 7 
8 
8 
1 8 12 
1 12 8 
11 12 
12 11 
7 14 15 
15 14 7 
2 3 4 9 11 13 
3 2 4 13 11 9 
12 14 
12 14 
1 4 12 16 
1 4 12 17 15 16 
2 12 
2 12 
7 8 11 13 15 
8 15 13 11 7 
11 12 14 
12 11 14 
7 11 12 13 14 16 
12 17 13 16 11 14 7 
7 12 15 
12 15 7 
5 13 14 16 
5 17 13 16 14 
2 7 8 11 15 
2 8 15 11 7 
4 10 11 14 
10 4 11 14 
10 11 
10 11 
1 7 
1 7 
7 9 14 
14 7 9 
8 13 
8 13 
3 4 14 
3 4 14 
17 
17 
9 10 13 17 
10 9 17 13 
11 15 17 
17 15 11 
7 8 11 14 17 
17 8 11 14 7 
8 13 
8 13 
11 12 14 16 17 
12 17 16 11 14 
5 7 14 16 
5 17 16 14 7 
4 7 11 13 14 
4 13 11 7 14 
1 16 
1 17 15 16 
7 12 15 
12 15 7 
11 14 16 
17 16 11 14 
4 12 13 
4 12 13 
5 7 9 12 15 16 
1 5 12 9 17 15 16 7 
7 12 
12 7 
4 15 
4 15 
8 11 
8 11 
12 16 
12 17 16 
7 10 11 14 
10 11 7 14 
8 10 14 16 
17 8 16 14 10 
4 16 
4 17 16 
8 14 
8 14 
7 17 
17 7 
4 13 16 
4 17 13 16 
7 8 14 
8 7 14 
11 13 14 
11 14 13 
4 12 14 15 16 
1 4 12 17 15 16 14 
2 6 7 10 13 
6 2 10 13 7 
5 11 14 17 
5 17 11 14 
7 9 11 12 15 
12 9 15 11 7 
8 12 14 15 16 
1 12 17 8 15 16 14 
7 8 11 14 15 17 
17 8 15 11 14 7 
3 4 
3 4 
7 15 
15 7 
4 7 8 11 17 
4 17 8 11 7 
4 9 14 
4 14 9 
11 13 
11 13 
7 10 11 14 16 
17 16 11 14 7 10 
7 9 
7 9 
7 8 11 16 
17 8 16 11 7 
11 12 
12 11 
11 15 
15 11 
4 9 11 13 15 17 18 
18 4 9 17 15 13 11 
5 14 15 
5 15 14 
1 7 8 9 
1 8 7 9 
2 3 10 13 14 16 
3 2 17 13 16 14 10 
17 
17 
5 14 
5 14 
16 
17 16 
2 7 14 17 
2 17 14 7 
14 15 
15 14 
1 4 6 11 14 
6 1 11 14 4 
9 10 13 14 
10 13 14 9 
1 7 8 
1 8 7 
6 7 13 16 
6 17 13 16 7 
1 7 8 9 11 
1 8 11 7 9 
4 7 8 11 14 
4 8 11 7 14 
6 7 8 11 16 
6 17 8 16 11 7 
3 4 13 15 
3 4 15 13 
14 
14 
4 9 15 
4 9 15 
13 
13 
8 9 10 14 
10 8 14 9 
1 7 11 13 16 
1 17 15 13 16 11 7 
11 17 
17 11 
11 14 15 17 
17 15 11 14 
11 13 
11 13 
15 17 
17 15 
15 
15 
2 4 8 12 
2 4 12 8 
7 10 11 
10 11 7 
2 7 
2 7 
5 7 10 14 16 
5 17 16 14 7 10 
2 
2 
3 5 11 12 14 
3 5 12 11 14 
17 
17 
1 10 13 
10 1 13 
7 
7 
2 11 13 14 18 
18 2 11 14 13 
4 8 13 16 
4 17 8 13 16 
11 14 
11 14 
1 2 
2 1 
7 8 10 15 
8 15 7 10 
5 6 7 9 14 
6 5 14 7 9 
7 11 15 
15 11 7 
11 12 13 14 
12 11 14 13 
16 
17 16 
1 5 8 10 14 
10 1 5 8 14 
7 13 15 
15 13 7 
14 
14 
9 13 14 
13 14 9 
4 11 13 14 
4 11 14 13 
5 10 12 13 
10 5 12 13 
7 9 11 15 16 
1 9 17 15 16 11 7 
8 9 13 
8 13 9 
6 7 13 14 15 
6 15 13 14 7 
1 12 14 
1 12 14 
5 7 11 14 16 17 
5 17 16 11 14 7 
7 10 14 
10 7 14 
5 7 11 17 
5 17 11 7 
1 4 6 7 8 12 16 
6 1 4 12 17 8 15 16 7 
9 11 12 15 17 
12 9 17 15 11 
7 11 16 
17 16 11 7 
5 7 8 16 
5 17 8 16 7 
7 13 16 
17 13 16 7 
7 13 14 
13 7 14 
13 14 16 
17 13 16 14 
13 
13 
7 11 13 
13 11 7 
10 17 
10 17 
5 6 7 11 13 
6 5 13 11 7 
8 17 
17 8 
7 13 14 
13 7 14 
7 16 17 
17 16 7 
7 11 12 16 
12 17 16 11 7 
14 16 
17 16 14 
10 15 17 
17 15 10 
4 14 16 
4 17 16 14 
14 
14 
13 14 
13 14 
4 16 
4 17 16 
11 12 14 15 16 
1 12 17 15 16 11 14 
4 11 13 16 17 
4 17 13 16 11 
7 11 15 16 17 
1 17 15 16 11 7 
11 13 
11 13 
1 3 16 
3 1 17 15 16 
10 11 14 15 
15 11 14 10 
7 8 13 14 15 17 
17 8 15 13 14 7 
12 13 14 
12 13 14 
1 7 8 13 16 
1 17 8 15 13 16 7 
7 10 11 13 
10 13 11 7 
14 17 
17 14 
4 6 7 14 17 
6 4 17 14 7 
13 14 16 18 
18 17 13 16 14 
3 7 14 
3 7 14 
5 16 
5 17 16 
5 7 11 14 16 
5 17 16 11 14 7 
7 9 17 
9 17 7 
11 16 
17 16 11 
3 11 
3 11 
5 12 16 
5 12 17 16 
3 
3 
1 5 9 14 16 
1 5 9 17 15 16 14 
1 7 11 13 
1 13 11 7 
7 10 12 13 
10 12 13 7 
3 7 12 
3 12 7 
9 13 15 
9 15 13 
7 15 
15 7 
4 15 16 17 
1 4 17 15 16 
1 2 10 11 14 17 
2 10 1 17 11 14 
13 14 17 
17 13 14 
7 8 11 14 
8 11 7 14 
7 16 
17 16 7 
8 11 16 
17 8 16 11 
2 3 11 13 
3 2 11 13 
7 13 14 
13 7 14 
8 11 17 
17 8 11 
7 15 
15 7 
7 11 16 17 
17 16 11 7 
16 17 
17 16 
7 9 17 
9 17 7 
3 4 5 14 
3 5 4 14 
4 16 
4 17 16 
1 12 
1 12 
6 14 15 
6 15 14 
2 4 10 13 
2 10 4 13 
3 7 14 
3 7 14 
6 11 14 16 
6 17 16 11 14 
4 7 16 
4 17 16 7 
6 11 
6 11 
5 9 12 17 
5 12 9 17 
7 15 16 18 
18 1 17 15 16 7 
14 16 
17 16 14 
15 18 
18 15 
8 
8 
3 
3 
4 7 9 14 
4 14 7 9 
4 7 
4 7 
4 10 11 16 
4 17 16 11 10 
4 7 13 14 16 17 
4 17 13 16 14 7 
11 17 
17 11 
12 13 
12 13 
6 7 
6 7 
13 16 
17 13 16 
2 11 13 14 
2 11 14 13 
4 15 
4 15 
5 14 
5 14 
7 9 14 
14 7 9 
2 3 
3 2 
7 9 14 16 
9 17 16 14 7 
6 7 10 
6 10 7 
4 8 9 12 13 
4 12 8 13 9 
10 11 
10 11 
4 7 11 
4 11 7 
12 13 15 16 
1 12 17 15 13 16 
8 10 17 
10 17 8 
9 13 15 
9 15 13 
4 5 9 10 
10 5 4 9 
6 16 17 
6 17 16 
9 14 15 
9 15 14 
7 14 
7 14 
11 13 14 
11 14 13 
6 11 12 13 16 
6 12 17 13 16 11 
4 7 9 14 16 
4 9 17 16 14 7 
7 9 14 15 
9 15 14 7 
4 11 14 
4 11 14 
1 5 7 9 16 
1 5 9 17 15 16 7 
15 17 
17 15 
1 11 16 
1 17 15 16 11 
11 12 14 
12 11 14 
7 9 10 11 13 15 
9 15 13 11 7 10 
9 14 
14 9 
5 10 
10 5 
7 8 11 14 17 
17 8 11 14 7 
1 7 9 16 18 
18 1 9 17 15 16 7 
12 14 
12 14 
2 5 8 11 14 17 
2 5 17 8 11 14 
4 5 13 14 16 17 
5 4 17 13 16 14 
4 7 
4 7 
7 11 
11 7 
7 10 11 16 
17 16 11 7 10 
7 13 16 
17 13 16 7 
12 
12 
13 14 16 
17 13 16 14 
13 14 15 
15 13 14 
11 15 
15 11 
9 11 12 
12 11 9 
13 16 
17 13 16 
4 8 11 14 
4 8 11 14 
5 8 11 
5 8 11 
14 16 
17 16 14 
7 9 13 15 
9 15 13 7 
10 15 
15 10 
1 3 7 14 
3 1 7 14 
11 14 15 16 
1 17 15 16 11 14 
6 
6 
5 7 8 13 
5 8 13 7 
15 
15 
2 11 17 
2 17 11 
4 8 14 
4 8 14 
5 7 12 13 14 
5 12 13 7 14 
4 7 
4 7 
2 5 14 
2 5 14 
10 14 
10 14 
1 2 4 10 14 
2 10 1 14 4 
1 4 6 8 11 13 
6 1 8 13 11 4 
7 
7 
13 14 16 
17 13 16 14 
7 12 
12 7 
7 12 14 16 17 
12 17 16 14 7 
11 13 14 15 17 
17 15 13 11 14 
7 8 14 16 
17 8 16 14 7 
1 7 13 
1 13 7 
5 12 
5 12 
3 13 15 17 
3 17 15 13 
3 4 13 14 
3 4 13 14 
7 8 
8 7 
6 7 8 11 12 16 
6 12 17 8 16 11 7 
