19 58
0.913793 0.034483 0.051724
0.750000 0.000000 0.250000 0.000000
0.750000 0.000000 0.250000 0.000000
0.750000 0.000000 0.250000
0.750000 0.000000 0.250000
18 56
0.910714 0.035714 0.053571
0.722222 0.000000 0.250000 0.027778
0.722222 0.000000 0.250000 0.027778
0.742857 0.000000 0.257143
0.742857 0.000000 0.257143
17 55
0.909091 0.036364 0.054545
0.722222 0.000000 0.250000 0.027778
0.722222 0.000000 0.250000 0.027778
0.742857 0.000000 0.257143
0.742857 0.000000 0.257143
16 53
0.905660 0.037736 0.056604
0.722222 0.000000 0.250000 0.027778
0.722222 0.000000 0.250000 0.027778
0.742857 0.000000 0.257143
0.742857 0.000000 0.257143
15 49
0.897959 0.040816 0.061224
0.666667 0.000000 0.250000 0.083333
0.666667 0.000000 0.250000 0.083333
0.727273 0.000000 0.272727
0.727273 0.000000 0.272727
14 47
0.893617 0.042553 0.063830
0.611111 0.000000 0.250000 0.138889
0.611111 0.000000 0.250000 0.138889
0.709677 0.000000 0.290323
0.709677 0.000000 0.290323
14 47
0.893617 0.042553 0.063830
0.611111 0.000000 0.250000 0.138889
0.611111 0.000000 0.250000 0.138889
0.709677 0.000000 0.290323
0.709677 0.000000 0.290323
13 44
0.886364 0.045455 0.068182
0.583333 0.000000 0.222222 0.194444
0.583333 0.000000 0.222222 0.194444
0.724138 0.000000 0.275862
0.724138 0.000000 0.275862
12 40
0.875000 0.050000 0.075000
0.527778 0.000000 0.222222 0.250000
0.527778 0.000000 0.222222 0.250000
0.703704 0.000000 0.296296
0.703704 0.000000 0.296296
11 37
0.864865 0.054054 0.081081
0.500000 0.000000 0.194444 0.305556
0.500000 0.000000 0.194444 0.305556
0.720000 0.000000 0.280000
0.720000 0.000000 0.280000
10 35
0.857143 0.028571 0.114286
0.486111 0.000000 0.180556 0.333333
0.486111 0.000000 0.180556 0.333333
0.729167 0.000000 0.270833
0.729167 0.000000 0.270833
9 31
0.838710 0.032258 0.129032
0.430556 0.000000 0.166667 0.402778
0.430556 0.000000 0.166667 0.402778
0.720930 0.000000 0.279070
0.720930 0.000000 0.279070
8 26
0.846154 0.000000 0.153846
0.305556 0.000000 0.166667 0.527778
0.305556 0.000000 0.166667 0.527778
0.647059 0.000000 0.352941
0.647059 0.000000 0.352941
7 22
0.909091 0.000000 0.090909
0.263889 0.000000 0.125000 0.611111
0.263889 0.000000 0.125000 0.611111
0.678571 0.000000 0.321429
0.678571 0.000000 0.321429
6 19
0.894737 0.000000 0.105263
0.277778 0.000000 0.027778 0.694444
0.277778 0.000000 0.027778 0.694444
0.909091 0.000000 0.090909
0.909091 0.000000 0.090909
5 15
0.866667 0.000000 0.133333
0.222222 0.000000 0.027778 0.750000
0.222222 0.000000 0.027778 0.750000
0.888889 0.000000 0.111111
0.888889 0.000000 0.111111
4 10
0.800000 0.000000 0.200000
0.138889 0.000000 0.027778 0.833333
0.138889 0.000000 0.027778 0.833333
0.833333 0.000000 0.166667
0.833333 0.000000 0.166667
3 6
0.833333 0.000000 0.166667
0.097222 0.000000 0.013889 0.888889
0.097222 0.000000 0.013889 0.888889
0.875000 0.000000 0.125000
0.875000 0.000000 0.125000
