29 102
0.892157 0.049020 0.058824
0.800000 0.000000 0.200000 0.000000
0.800000 0.000000 0.200000 0.000000
0.800000 0.000000 0.200000
0.800000 0.000000 0.200000
28 102
0.892157 0.049020 0.058824
0.800000 0.000000 0.200000 0.000000
0.800000 0.000000 0.200000 0.000000
0.800000 0.000000 0.200000
0.800000 0.000000 0.200000
27 102
0.892157 0.049020 0.058824
0.800000 0.000000 0.200000 0.000000
0.800000 0.000000 0.200000 0.000000
0.800000 0.000000 0.200000
0.800000 0.000000 0.200000
26 102
0.892157 0.049020 0.058824
0.800000 0.000000 0.200000 0.000000
0.800000 0.000000 0.200000 0.000000
0.800000 0.000000 0.200000
0.800000 0.000000 0.200000
25 102
0.892157 0.049020 0.058824
0.800000 0.000000 0.200000 0.000000
0.800000 0.000000 0.200000 0.000000
0.800000 0.000000 0.200000
0.800000 0.000000 0.200000
25 103
0.893204 0.048544 0.058252
0.800000 0.000000 0.200000 0.000000
0.800000 0.000000 0.200000 0.000000
0.800000 0.000000 0.200000
0.800000 0.000000 0.200000
24 103
0.893204 0.048544 0.058252
0.800000 0.000000 0.200000 0.000000
0.800000 0.000000 0.200000 0.000000
0.800000 0.000000 0.200000
0.800000 0.000000 0.200000
23 104
0.884615 0.057692 0.057692
0.800000 0.000000 0.200000 0.000000
0.800000 0.000000 0.200000 0.000000
0.800000 0.000000 0.200000
0.800000 0.000000 0.200000
22 103
0.873786 0.067961 0.058252
0.800000 0.000000 0.200000 0.000000
0.800000 0.000000 0.200000 0.000000
0.800000 0.000000 0.200000
0.800000 0.000000 0.200000
21 103
0.864078 0.077670 0.058252
0.800000 0.000000 0.200000 0.000000
0.800000 0.000000 0.200000 0.000000
0.800000 0.000000 0.200000
0.800000 0.000000 0.200000
20 105
0.866667 0.095238 0.038095
0.800000 0.000000 0.200000 0.000000
0.800000 0.000000 0.200000 0.000000
0.800000 0.000000 0.200000
0.800000 0.000000 0.200000
19 104
0.865385 0.096154 0.038462
0.800000 0.000000 0.200000 0.000000
0.800000 0.000000 0.200000 0.000000
0.800000 0.000000 0.200000
0.800000 0.000000 0.200000
18 103
0.864078 0.097087 0.038835
0.800000 0.000000 0.200000 0.000000
0.800000 0.000000 0.200000 0.000000
0.800000 0.000000 0.200000
0.800000 0.000000 0.200000
17 102
0.862745 0.098039 0.039216
0.800000 0.000000 0.200000 0.000000
0.800000 0.000000 0.200000 0.000000
0.800000 0.000000 0.200000
0.800000 0.000000 0.200000
16 99
0.848485 0.111111 0.040404
0.800000 0.000000 0.200000 0.000000
0.800000 0.000000 0.200000 0.000000
0.800000 0.000000 0.200000
0.800000 0.000000 0.200000
15 98
0.846939 0.112245 0.040816
0.800000 0.000000 0.200000 0.000000
0.800000 0.000000 0.200000 0.000000
0.800000 0.000000 0.200000
0.800000 0.000000 0.200000
14 87
0.839080 0.114943 0.045977
0.733333 0.000000 0.200000 0.066667
0.733333 0.000000 0.200000 0.066667
0.785714 0.000000 0.214286
0.785714 0.000000 0.214286
13 86
0.825581 0.127907 0.046512
0.733333 0.000000 0.200000 0.066667
0.733333 0.000000 0.200000 0.066667
0.785714 0.000000 0.214286
0.785714 0.000000 0.214286
12 83
0.807229 0.144578 0.048193
0.733333 0.000000 0.200000 0.066667
0.733333 0.000000 0.200000 0.066667
0.785714 0.000000 0.214286
0.785714 0.000000 0.214286
11 75
0.840000 0.133333 0.026667
0.711111 0.000000 0.200000 0.088889
0.711111 0.000000 0.200000 0.088889
0.780488 0.000000 0.219512
0.780488 0.000000 0.219512
10 66
0.878788 0.121212 0.000000
0.622222 0.000000 0.155556 0.222222
0.622222 0.000000 0.155556 0.222222
0.800000 0.000000 0.200000
0.800000 0.000000 0.200000
9 56
0.892857 0.107143 0.000000
0.555556 0.000000 0.144444 0.300000
0.555556 0.000000 0.144444 0.300000
0.793651 0.000000 0.206349
0.793651 0.000000 0.206349
8 47
0.957447 0.042553 0.000000
0.488889 0.000000 0.144444 0.366667
0.488889 0.000000 0.144444 0.366667
0.771930 0.000000 0.228070
0.771930 0.000000 0.228070
7 39
0.948718 0.051282 0.000000
0.444444 0.000000 0.144444 0.411111
0.444444 0.000000 0.144444 0.411111
0.754717 0.000000 0.245283
0.754717 0.000000 0.245283
6 30
0.933333 0.066667 0.000000
0.433333 0.000000 0.144444 0.422222
0.433333 0.000000 0.144444 0.422222
0.750000 0.000000 0.250000
0.750000 0.000000 0.250000
5 20
1.000000 0.000000 0.000000
0.244444 0.000000 0.122222 0.633333
0.244444 0.000000 0.122222 0.633333
0.666667 0.000000 0.333333
0.666667 0.000000 0.333333
4 12
1.000000 0.000000 0.000000
0.088889 0.000000 0.066667 0.844444
0.088889 0.000000 0.066667 0.844444
0.571429 0.000000 0.428571
0.571429 0.000000 0.428571
3 6
1.000000 0.000000 0.000000
0.088889 0.000000 0.066667 0.844444
0.088889 0.000000 0.066667 0.844444
0.571429 0.000000 0.428571
0.571429 0.000000 0.428571
